1 1
1 2
2 1
5 5
6 6
5 6
6 5
275 699
184 415
830 325
639 445
650 55
949 246
468 815
3 52
488 291
85 191
247 16
450 570
663 590
71 657
5 235
583 648
896 159
285 497
868 839
334 835
349 716
637 694
87 728
498 181
729 585
674 185
404 782
358 130
507 128
879 35
220 458
897 767
637 532
35 89
128 218
616 746
121 417
777 588
111 369
61 549
555 748
183 218
847 241
385 779
623 284
652 505
530 663
559 941
793 324
434 956
415 34
219 687
123 716
787 368
235 563
214 857
913 523
861 700
158 180
947 634
795 377
85 761
881 172
113 882
542 932
181 562
387 811
261 415
181 185
924 253
351 142
859 616
956 620
156 441
381 467
99 920
182 769
484 661
234 649
431 958
909 450
854 497
918 55
330 804
802 970
559 88
724 57
869 22
591 916
497 109
120 626
72 680
577 507
435 178
543 703
185 540
273 762
132 994
972 855
349 890
3 725
528 868
80 962
745 700
318 571
306 806
320 458
543 671
172 780
671 865
883 899
697 93
467 308
681 590
817 637
629 459
397 399
1000 856
267 985
934 917
244 43
905 781
266 137
758 63
720 844
738 805
215 852
46 261
59 746
212 589
299 704
509 15
616 932
806 433
121 770
956 166
573 658
909 960
496 19
551 201
962 68
198 854
590 992
845 660
50 169
220 991
727 320
653 225
37 235
652 148
876 43
862 85
976 814
481 398
865 255
748 345
924 152
345 136
673 5
265 206
253 522
934 148
925 375
401 926
335 483
991 758
76 259
489 530
952 803
56 987
937 713
338 76
246 657
806 23
882 479
271 838
445 369
658 258
62 984
740 685
994 917
625 957
496 748
794 458
642 631
695 355
624 474
599 251
99 494
390 789
334 926
558 136
662 791
895 375
222 495
313 47
400 715
709 46
765 573
801 826
306 326
986 224
36 138
3 91
319 881
247 827
612 659
874 30
968 681
226 413
866 695
50 932
721 433
545 612
9 190
191 207
195 481
32 500
994 939
207 380
848 334
120 37
238 275
695 948
160 230
86 933
909 460
206 228
109 254
918 485
151 130
836 18
7 338
933 845
530 499
930 637
680 127
702 854
286 923
536 723
183 496
852 461
804 280
930 791
272 70
348 447
793 833
145 568
448 557
74 893
172 261
352 175
690 712
904 924
590 220
727 875
7 814
820 293
116 941
489 545
642 421
471 14
681 482
717 930
317 356
0 728
242 480
185 813
260 923
316 300
90 948
295 917
5 485
22 657
920 570
331 158
725 193
371 710
330 127
815 184
45 606
802 79
147 300
202 134
110 600
105 864
327 310
962 898
664 211
169 505
222 846
242 956
618 413
614 82
848 349
607 922
463 979
676 557
121 305
998 206
346 256
532 976
143 864
166 823
18 658
896 888
199 507
914 557
636 720
293 567
587 155
328 637
120 736
231 955
184 727
510 680
46 954
199 161
40 951
565 770
883 850
955 899
682 215
123 852
897 747
931 985
653 913
561 43
984 108
517 359
38 998
26 148
299 940
145 433
459 910
128 27
634 912
118 459
770 868
218 994
384 185
913 78
296 331
889 623
993 437
807 35
211 890
544 979
25 519
198 331
489 276
735 671
722 129
916 416
690 184
985 916
603 586
298 323
203 130
649 68
168 596
561 35
428 226
636 721
277 850
399 947
585 770
532 194
100 271
487 471
844 548
42 441
482 231
226 479
685 427
912 641
770 564
246 29
845 445
846 148
547 871
448 76
657 325
157 500
372 141
333 697
982 567
756 647
435 967
858 625
619 475
123 558
964 558
355 797
101 745
598 107
755 451
50 444
913 447
804 437
423 113
30 55
254 464
359 190
428 557
84 146
48 715
74 173
453 115
761 595
624 626
317 314
814 315
375 987
955 613
93 991
25 326
776 58
748 80
0 22
816 826
56 560
105 956
305 729
470 494
457 639
565 901
901 210
878 645
110 470
471 330
701 408
529 712
159 397
201 936
898 88
121 599
996 501
135 890
556 97
957 764
766 901
574 909
736 479
457 520
422 962
827 973
876 541
836 941
700 675
115 17
637 814
871 421
927 112
424 375
188 598
953 512
651 905
774 572
150 438
157 603
166 636
67 443
933 64
14 584
464 201
357 342
507 987
263 494
470 281
329 952
447 405
963 689
687 78
422 132
419 75
379 158
43 972
313 179
170 840
107 506
932 413
41 577
863 777
509 651
968 539
726 420
408 193
87 858
252 507
12 253
914 242
142 98
947 976
701 370
66 849
728 846
722 417
497 5
131 636
443 232
981 317
224 868
891 980
555 415
582 997
677 73
570 646
595 611
404 859
734 89
752 945
491 198
871 650
945 728
587 347
369 248
643 751
23 374
532 885
807 17
874 766
322 782
14 371
95 107
603 302
769 797
634 254
542 956
244 305
999 575
450 993
235 435
137 492
664 268
273 482
980 548
238 206
725 299
134 566
442 362
400 642
827 43
545 567
203 742
226 395
14 632
366 813
541 816
371 370
53 553
488 253
181 959
753 224
432 421
635 820
7 680
557 463
951 203
6 973
889 742
98 179
952 741
155 276
526 896
391 546
318 786
924 31
22 959
118 479
535 956
178 798
499 466
143 270
502 689
928 60
434 958
827 589
72 550
361 401
731 107
268 551
235 958
284 442
949 259
275 755
767 857
813 560
658 676
663 512
50 404
926 561
551 718
208 676
717 198
432 361
468 946
680 27
239 896
578 13
699 840
849 380
671 410
87 6
201 215
52 769
481 778
176 765
541 346
959 720
682 511
868 238
708 724
366 489
397 751
971 128
986 411
821 244
445 906
447 83
761 458
580 64
382 426
713 500
667 650
384 0
555 782
742 85
85 552
633 495
852 588
710 845
620 828
845 883
780 596
402 814
931 266
363 1
469 744
486 280
24 398
383 582
111 51
10 238
746 29
111 263
399 370
573 322
147 80
137 157
563 742
480 586
626 868
993 377
431 854
356 353
20 873
692 19
532 852
584 670
148 323
369 45
176 606
763 306
561 11
338 748
256 739
566 91
63 852
535 964
531 641
366 253
700 68
130 44
371 485
223 904
997 977
454 645
605 157
271 152
587 201
661 632
985 63
795 884
985 676
424 749
90 416
697 331
478 42
68 931
270 238
109 520
48 293
200 508
503 365
309 116
43 481
529 847
512 862
250 783
735 778
233 756
522 345
46 239
362 593
911 629
676 869
42 759
557 240
259 284
57 614
90 375
825 472
550 848
607 805
179 563
577 933
957 196
150 746
251 507
791 302
409 0
28 439
962 345
202 13
209 78
639 784
311 191
196 99
796 950
211 694
887 879
969 459
604 433
435 389
908 815
418 774
998 460
327 433
254 3
941 199
968 142
526 700
161 223
519 243
367 944
148 863
268 914
199 113
859 31
460 383
874 71
373 23
545 461
39 472
285 185
490 188
686 752
452 344
460 449
217 638
658 804
639 722
512 160
687 342
698 782
958 854
478 776
227 299
270 757
920 955
60 46
535 979
880 946
244 269
574 932
117 173
242 470
107 703
215 405
712 84
826 104
615 294
824 2
547 125
569 655
401 48
543 250
461 873
852 730
358 215
669 660
164 396
399 4
495 574
936 484
369 235
961 398
217 431
301 439
936 632
866 207
746 453
259 950
150 611
405 412
969 581
876 37
730 264
86 731
314 449
195 905
765 506
66 950
899 786
342 870
941 864
996 507
77 299
711 521
786 54
95 921
125 998
330 807
14 233
990 436
420 140
646 384
690 199
250 326
441 855
449 324
595 438
68 82
408 969
506 528
645 930
904 325
450 978
705 740
732 676
372 603
212 704
965 744
163 808
494 703
975 622
760 872
434 14
118 887
97 190
371 772
913 562
852 237
585 749
160 554
69 199
335 489
203 748
466 181
236 646
492 986
142 441
230 619
977 684
516 172
117 562
634 715
180 433
465 972
671 261
852 782
520 299
49 578
518 865
930 525
262 554
642 226
862 666
175 197
23 2
245 704
40 297
586 785
169 845
717 401
805 307
152 476
860 866
886 473
265 669
110 35
825 745
789 804
760 640
669 748
820 487
278 695
133 804
100 284
148 523
73 530
165 785
614 129
274 767
379 912
745 805
662 147
766 593
10 431
667 621
42 487
71 610
350 105
96 492
997 475
562 341
942 697
155 200
165 456
887 546
693 842
558 855
792 390
407 158
457 125
500 103
12 536
1 958
562 453
957 310
737 446
141 469
640 627
115 933
220 219
696 858
821 399
369 220
274 113
968 263
625 147
257 173
202 786
990 661
724 886
276 426
833 113
425 229
968 718
773 427
344 419
56 664
392 488
610 415
178 139
399 231
596 609
447 709
147 423
285 229
389 528
427 47
551 562
448 678
235 807
142 483
798 457
793 979
952 557
69 826
861 563
959 262
552 960
930 259
271 766
490 735
367 400
538 310
613 765
482 79
89 583
647 525
306 776
803 235
655 421
740 847
676 374
753 409
234 24
169 133
550 241
838 319
383 855
594 668
27 205
977 192
213 933
934 714
430 628
